1000
1001
1002
1003
1004
1005
1017
1018
1022
1024
1025
1043
1046
1048
1050
1056
1058
1059
1063
1067
1075
1078
1080
1084
1086
1087
1091
1093
1095
1098
1100
1101
1107
1108
1109
1110
1111
1112
1113
1114
1115
1116
1117
1118
1119
1120
1121
1125
1126
1128
1130
1144
1145
1148
1152
1158
1160
1161
1162
1170
1180
1189
1190
1191
1192
1193
1194
1200
1211
1216
1219
1220
1222
1243
1251
1252
1258
1261
1264
1265
1268
1275
1300
1301
1306
1328
1330
1355
1379
1383
1398
1402
1407
1414
1444
1446
1447
1448
1449
1451
1452
1453
1454
1455
1459
1463
1470
1478
1487
1500
1507
1514
1529
1533
1537
1539
1554
1569
1575
1600
1602
1637
1658
1663
1666
1675
1684
1696
1711
1712
1716
1717
1720
1737
1743
1756
1763
1766
1799
1800
1814
1824
1839
1847
1851
1853
1857
1860
1862
1866
1867
1873
1875
1889
1890
1891
1892
1893
1894
1895
1897
1898
1899
1900
1901
1902
1903
1904
1905
1906
1907
1908
1909
1910
1911
1913
1914
1915
1916
1919
1920
1921
1922
1923
1924
1925
1926
1927
1928
1929
1930
1931
1932
1933
1934
1935
1936
1937
1938
1939
1940
1941
1942
1943
1944
1945
1946
1947
1948
1950
1952
1983
1988
1989
2000
2002
2008
2009
2010
2011
2013
2014
2017
2018
2019
2020
2021
2022
2023
2024
2025
2026
2048
2049
2050
2069
2094
2098
2108
2110
2120
2133
2136
2139
2148
2170
2174
2191
2199
2209
2218
2222
2230
2231
2233
2252
2270
2290
2293
2308
2314
2322
2331
2333
2389
2399
2404
2452
2457
2466
2487
2499
2512
2566
2578
2581
2600
2616
2617
2618
2619
2621
2622
2650
2658
2659
2660
2661
2662
2663
2687
2699
2714
2722
2748
2750
2756
2758
2764
2770
2777
2782
2799
2800
2801
2802
2803
2804
2805
2806
2807
2808
2809
2810
2811
2812
2813
2824
2825
2855
2861
2866
2893
2904
2929
2930
2933
2937
2948
2974
2977
2997
3012
3018
3073
3100
3108
3138
3146
3162
3182
3199
3256
3262
3283
3287
3300
3327
3329
3349
3352
3356
3366
3377
3381
3391
3393
3400
3424
3443
3470
3483
3490
3499
3524
3530
3531
3586
3599
3600
3616
3636
3653
3654
3660
3666
3669
3670
3671
3673
3674
3677
3683
3706
3716
3730
3739
3747
3815
3833
3843
3850
3872
3886
3887
3914
3927
3974
3975
3976
3977
3983
4000
4031
4057
4059
4070
4077
4096
4097
4135
4181
4199
4237
4244
4254
4274
4275
4278
4279
4299
4356
4358
4366
4399
4405
4406
4420
4421
4422
4424
4425
4428
4495
4518
4526
4542
4543
4600
4610
4615
4620
4633
4733
4741
4801
4829
4830
4831
4832
4842
4854
4883
4887
4924
4925
4962
4971
4985
4987
4993
5019
5027
5070
5091
5137
5141
5143
5164
5174
5176
5185
5200
5208
5209
5211
5213
5246
5249
5250
5287
5399
5424
5432
5500
5502
5524
5568
5574
5608
5625
5697
5709
5710
5711
5719
5720
5721
5722
5749
5764
5766
5775
5782
5912
6000
6016
6045
6065
6066
6109
6143
6145
6168
6229
6235
6243
6254
6264
6270
6304
6346
6377
6381
6400
6432
6435
6450
6451
6487
6524
6533
6549
6552
6713
6725
6742
6750
6756
6795
6809
6836
6875
6899
6906
6907
6908
6910
6940
6949
7023
7037
7068
7079
7099
7112
7125
7200
7206
7228
7233
7239
7242
7245
7254
7267
7271
7272
7273
7275
7291
7354
7355
7356
7357
7358
7361
7399
7487
7488
7489
7500
7558
7587
7621
7645
7734
7795
7796
7797
7800
7812
7964
7965
7967
8040
8042
8050
8053
8056
8127
8142
8150
8193
8195
8259
8269
8270
8282
8286
8292
8358
8361
8362
8365
8374
8376
8399
8443
8457
8458
8461
8462
8494
8495
8544
8545
8555
8567
8585
8599
8600
8814
8929
8946
8960
8983
8988
8989
9000
9001
9002
9003
9004
9005
9006
9007
9008
9009
9010
9011
9012
9013
9014
9015
9016
9017
9018
9019
9020
9021
9022
9023
9024
9025
9026
9027
9028
9029
9030
9031
9032
9033
9034
9035
9036
9037
9038
9039
9040
9041
9056
9156
9196
9236
9237
9256
9319
9375
9433
9435
9484
9499
9502
9537
9568
9736
9800
9816
9906
9938
9941
9999
10000
10059
10072
10094
10101
10132
10133
10177
10184
10191
10192
10193
10211
10220
10223
10225
10252
10258
10264
10268
10277
10278
10339
10363
10368
10404
10429
10430
10432
10433
10435
10436
10437
10438
10439
10440
10481
10502
10503
10504
10505
10506
10507
10508
10509
10516
10557
10558
10584
10596
10645
10697
10808
10811
10812
10813
10887
10898
10899
10900
10901
10966
10997
11000
11032
11082
11084
11085
11086
11089
11121
11130
11197
11261
11268
11343
11347
11348
11366
11380
11382
11416
11417
11418
11419
11420
11426
11442
11486
11487
11488
11489
11490
11492
11496
11501
11502
11511
11517
11518
11519
11520
11583
11622
11639
11642
11657
11658
11661
11662
11663
11664
11672
11739
11740
11834
11836
11876
11894
11895
11902
11946
11947
11948
11949
11969
11970
11981
11982
11983
11986
11988
12017
12018
12021
12029
12039
12056
12057
12097
12098
12099
12110
12118
12119
12129
12143
12167
12201
12203
12225
12236
12252
12255
12258
12259
12264
12289
12345
12397
12435
12460
12461
12466
12468
12470
12471
12479
12480
12491
12492
12493
12533
12540
12561
12642
12675
12734
12747
12795
12882
12884
12888
12889
12890
12946
12975
12976
12982
12994
12995
12996
12997
12998
13000
13005
13009
13020
13022
13028
13030
13031
13032
13033
13109
13176
13179
13180
13181
13234
13236
13256
13257
13280
13282
13322
13323
13419
13437
13438
13439
13441
13442
13577
13596
13601
13700
13704
13822
13862
13877
13992
14000
14020
14099
14173
14261
14262
14263
14264
14265
14302
14308
14321
14322
14323
14324
14325
14326
14327
14367
14416
14507
14509
14510
14515
14517
14529
14530
14601
14834
14887
14888
14889
14890
14900
14988
15000
15083
15114
15245
15258
15262
15263
15264
15275
15276
15299
15324
15334
15339
15340
15341
15348
15363
15369
15370
15407
15487
15509
15510
15511
15516
15517
15528
15543
15544
15550
15589
15625
15687
15688
15689
15690
15691
15716
15725
15726
15727
15728
15732
15778
15785
15801
15802
15847
15873
15928
15929
15930
15931
15932
15936
15952
15953
15954
15956
15982
15989
15990
16006
16011
16028
16060
16061
16063
16064
16065
16099
16125
16126
16151
16152
16179
16180
16181
16198
16246
16350
16385
16416
16457
16495
16524
16540
16621
16628
16798
16803
16805
16807
16808
16809
16856
16867
16869
16958
16979
17053
17068
17086
17087
17153
17172
17204
17220
17225
17228
17235
17244
17252
17257
17279
17293
17306
17307
17308
17326
17327
17328
17330
17332
17366
17377
17380
17381
17386
17387
17405
17422
17423
17464
17471
17473
17480
17502
17503
17504
17521
17528
17533
17534
17537
17543
17544
17545
17546
17548
17549
17550
17642
17643
17646
17653
17711
17715
17725
17728
17729
17751
17767
17770
17772
17796
17797
17798
17808
17820
17826
17842
17843
17848
17852
17862
17877
17879
17880
17881
17882
17887
17888
17941
17942
17950
17968
17975
17976
17977
17978
17980
17991
18031
18058
18062
18072
18096
18105
18168
18173
18194
18223
18224
18236
18237
18267
18327
18341
18343
18344
18351
18369
18371
18373
18392
18407
18431
18435
18472
18473
18500
18527
18535
18564
18570
18576
18584
18596
18609
18617
18636
18638
18667
18670
18708
18720
18728
18731
18732
18805
18821
18831
18832
18834
18835
18836
18839
18904
18916
18921
18929
19044
19045
19066
19134
19135
19162
19166
19218
19219
19220
19221
19274
19332
19338
19372
19408
19428
19438
19440
19441
19442
19443
19451
19492
19503
19514
19516
19595
19622
19629
19647
19659
19695
19702
19703
19710
19713
19714
19715
19716
19717
19740
19746
19752
19753
19773
19774
19775
19776
19779
19780
19799
19873
19879
19882
19888
19943
19977
20000
20033
20060
20062
20063
20064
20162
20216
20222
20235
20271
20277
20294
20449
20473
20475
20478
20510
20513
20514
20525
20526
20527
20528
20529
20530
20531
20532
20534
20553
20566
20568
20599
20604
20608
20619
20662
20739
20743
20744
20745
20746
20747
20748
20800
20870
20885
20886
20912
20923
21056
21060
21063
21075
21098
21099
21107
21108
21135
21145
21147
21174
21191
21212
21213
21214
21215
21216
21217
21252
21254
21268
21269
21270
21271
21272
21273
21274
21340
21341
21357
21364
21416
21435
21443
21483
21492
21519
21684
21687
21707
21752
21793
21806
21807
21808
21832
21833
21865
21869
21873
21909
21910
21956
21965
21968
21990
21991
22009
22035
22036
22067
22277
22278
22279
22280
22281
22415
22421
22425
22433
22539
22596
22599
22651
22667
22686
22687
22695
22700
22731
22841
22871
22884
22887
22898
22906
22917
22930
22947
22948
22949
22950
22951
22952
22997
23023
23035
23040
23128
23138
23153
23154
23155
23169
23170
23174
23187
23189
23191
23308
23309
23310
23312
23313
23314
23315
23316
23331
23334
23336
23339
23340
23341
23342
23381
23418
23419
23420
23452
23455
23461
23506
23537
23574
23576
23577
23578
23620
23682
23775
23860
23861
23863
23865
23872
23895
23918
23952
23953
23954
23980
23991
24083
24109
24111
24173
24183
24200
24201
24207
24208
24210
24212
24239
24261
24262
24268
24269
24275
24300
24306
24309
24314
24318
24324
24327
24328
24375
24390
24466
24525
24533
24560
24573
24577
24664
24683
24684
24686
24687
24688
24689
24690
24699
24723
24728
24744
24813
24814
24818
24819
24850
24882
24892
24907
24932
24984
25033
25035
25038
25165
25166
25176
25177
25178
25180
25181
25183
25189
25217
25218
25315
25471
25477
25478
25559
25560
25599
25646
25648
25656
25672
25685
25698
25725
25740
25741
25746
25747
25750
25755
25756
25778
25780
25786
25807
25812
25831
25832
25840
25846
25896
25989
25991
26029
26050
26051
26053
26058
26068
26079
26083
26102
26103
26134
26180
26297
26391
26467
26470
26476
26527
26529
26530
26532
26533
26550
26555
26556
26580
26586
26607
26613
26615
26630
26631
26632
26662
26679
26687
26693
26723
26731
26763
26794
26796
26798
26861
27082
27128
27131
27134
27149
27218
27273
27447
27483
27539
27621
27654
27655
27656
27680
27778
27779
27808
27810
27819
27827
27975
27977
27978
28025
28026
28070
28089
28131
28157
28169
28240
28308
28338
28371
28374
28375
28410
28511
28512
28513
28522
28524
28527
28536
28537
28538
28542
28546
28547
28560
28586
28587
28598
28609
28610
28622
28684
28732
28734
28747
28767
28783
28785
28794
28796
28798
28810
28819
28832
28833
28834
28835
28836
28859
28860
28863
28880
28883
28884
28921
28923
29060
29061
29107
29120
29166
29184
29185
29194
29195
29196
29197
29198
29199
29204
29208
29209
29210
29211
29212
29213
29216
29217
29226
29231
29234
29240
29247
29266
29269
29281
29304
29305
29306
29307
29308
29309
29310
29311
29312
29313
29314
29315
29316
29318
29405
29425
29427
29432
29448
29484
29506
29511
29522
29562
29572
29674
29685
29701
29711
29714
29719
29799
29833
29897
29932
29946
29951
29961
29962
29969
29973
29991
30000
30004
30065
30066
30115
30122
30128
30129
30130
30202
30235
30254
30258
30281
30403
30449
30451
30452
30455
30458
30496
30511
30528
30529
30533
30549
30616
30657
30658
30689
30739
30752
30753
30757
30822
30830
30841
30843
30852
30854
30859
30878
30887
30891
30898
30923
30994
30997
30999
31000
31002
31013
31014
31046
31088
31125
31134
31249
31258
31298
31299
31306
31315
31340
31344
31347
31422
31429
31447
31458
31463
31467
31472
31480
31481
31534
31538
31543
31550
31572
31673
31687
31704
31715
31718
31771
31821
31909
31911
31914
31956
31970
31972
31985
31991
32014
32038
32182
32226
32230
32231
32234
32235
32237
32266
32300
32307
32321
32329
32337
32346
32358
32361
32371
32375
32424
32455
32637
32667
32686
32698
32767
32768
32769
32796
32810
32825
32845
32857
32863
32865
32867
32871
32906
32913
32914
32915
32916
32919
32926
32927
32930
32933
32934
32955
32960
32964
33044
33045
33054
33069
33113
33118
33131
33134
33136
33144
33147
33152
33186
33202
33206
33228
33238
33271
33278
33288
33293
33341
33354
33355
33404
33405
33430
33432
33488
33515
33525
33537
33538
33539
33540
33547
33563
33651
33654
33670
33676
33691
33699
33711
33786
33792
33834
33853
33919
33923
33966
33993
34018
34035
34098
34121
34162
34172
34189
34190
34191
34229
34275
34341
34342
34368
34441
34444
34445
34447
34448
34449
34450
34451
34453
34454
34455
34456
34458
34459
34460
34461
34463
34465
34466
34467
34468
34469
34470
34471
34472
34473
34474
34475
34476
34477
34496
34497
34539
34557
34564
34657
34660
34661
34670
34694
34697
34701
34702
34703
34705
34709
34716
34721
34722
34727
34752
34780
34796
34797
34799
34803
34873
34922
34924
34925
34928
34931
34939
34945
34970
34971
34980
35013
35069
35096
35107
35119
35144
35158
35159
35181
35278
35280
35322
35327
35383
35395
35410
35429
35451
35569
35570
35571
35572
35617
35709
35717
35759
35859
35941
35951
35966
36096
36119
36121
36127
36142
36144
36173
36175
36240
36272
36296
36297
36300
36405
36449
36476
36481
36494
36497
36502
36512
36565
36597
36609
36612
36626
36627
36633
36658
36661
36678
36701
36723
36735
36789
36797
36799
36815
36819
36834
36853
36855
36897
36899
36922
36924
36929
36939
36940
36941
36948
37007
37014
37018
37023
37025
37027
37038
37051
37052
37053
37063
37066
37069
37098
37135
37162
37215
37217
37228
37229
37277
37363
37433
37471
37472
37501
37502
37515
37540
37566
37605
37640
37660
37666
37676
37698
37727
37730
37749
37751
37764
37813
37850
37854
37887
37935
37955
37970
37972
37973
38023
38024
38025
38027
38049
38112
38113
38132
38197
38215
38216
38217
38218
38219
38220
38221
38222
38230
38231
38235
38236
38245
38246
38253
38280
38304
38306
38316
38330
38385
38433
38441
38445
38451
38452
38454
38455
38508
38509
38511
38523
38539
38575
38592
38618
38619
38640
38643
38759
38794
38796
38801
39004
39005
39006
39009
39013
39017
39019
39021
39088
39095
39096
39193
39194
39228
39342
39367
39414
39427
39746
39747
39751
39837
39849
39863
39869
39872
39878
40000
40018
40142
40184
40192
40239
40243
40251
40265
40303
40321
40325
40425
40481
40491
40506
40508
40520
40583
40584
40585
40594
40604
40607
40611
40637
40683
40695
40741
40823
40832
40841
40869
40880
40882
40883
40891
40896
40897
40904
40932
40955
41001
41032
41058
41083
41117
41126
41131
41142
41180
41294
41295
41303
41305
41337
41350
41376
41410
41426
41431
41450
41451
41452
41453
41455
41475
41476
41479
41481
41482
41485
41509
41534
41541
41545
41914
41917
42005
42035
42052
42137
42380
42398
42410
42514
42524
42547
42548
42549
42630
42669
42708
42723
42729
42730
42783
42820
42821
42822
42823
42825
42826
42827
42863
43010
43012
43019
43020
43038
43039
43046
43093
43095
43113
43127
43139
43140
43150
43213
43290
43302
43303
43309
43383
43421
43429
43431
43436
43451
43501
43548
43648
43650
43810
43827
43962
44141
44174
44175
44178
44194
44224
44256
44291
44320
44389
44535
44614
44799
44863
44867
44978
45001
45002
45004
45006
45010
45018
45029
45038
45087
45109
45141
45150
45185
45230
45246
45248
45256
45329
45333
45342
45347
45348
45392
45402
45412
45419
45438
45466
45477
45641
45661
45665
45680
45717
45737
45740
45848
45855
45857
45866
45892
45902
45954
45996
46021
46029
46087
46165
46177
46181
46192
46193
46195
46238
46268
46282
46392
46393
46394
46573
46589
46605
46670
46680
46686
46688
46693
46695
46697
46700
47109
47197
47217
47218
47219
47220
47221
47222
47241
47260
47310
47340
47376
47428
47429
47430
47440
47442
47476
47528
47541
47743
47753
47785
47890
47891
47893
47914
47936
47958
47980
47981
47982
47983
47984
47985
47986
47987
48011
48017
48029
48031
48033
48035
48037
48057
48058
48059
48060
48061
48062
48063
48064
48065
48066
48067
48068
48069
48070
48071
48108
48161
48162
48168
48169
48170
48179
48261
48267
48276
48294
48393
48400
48420
48468
48469
48470
48477
48620
48642
48707
48792
48873
48878
48920
48943
49042
49179
49182
49184
49189
49356
49360
49361
49377
49536
49548
49555
50111
50213
50228
50255
50258
50461
50603
50752
50760
50761
50765
50766
50767
50768
50769
50810
50833
50834
50840
50842
50893
50997
51052
51054
51110
51121
51162
51170
51172
51175
51176
51177
51178
51179
51260
51261
51262
51263
51264
51413
51750
51849
51886
52027
52028
52179
52237
52284
52285
52286
52311
52451
52592
52610
52611
52658
52696
52709
52721
52766
52770
52772
52960
53030
53041
53142
53189
53190
53194
53195
53201
53351
53400
53472
53638
53910
53911
53913
53914
53915
54021
54097
54098
54099
54100
54125
54343
54361
54364
54396
54426
54479
54490
54524
54711
54758
54808
54835
54850
54878
54950
55019
55052
55081
55098
55101
55129
55543
55593
55637
55665
55696
55697
55699
55931
55959
56090
56105
56130
56140
56222
56505
56855
56908
56926
57055
57082
57083
57086
57350
57407
57430
57466
57467
57491
57496
57579
57687
57873
57881
57934
57988
57994
58105
58597
58663
58666
58678
58693
58694
58823
58845
58848
58849
58941
58956
58963
59127
59128
59192
59268
59301
59322
59331
59334
59368
59369
59371
59374
59376
59377
59381
59417
59419
59433
59451
59467
59471
59513
59529
59626
59706
59708
59709
59726
59727
59734
59735
59743
59745
59772
59795
59803
59824
59827
59829
59835
59842
59846
59848
59854
59856
59861
59910
59969
60000
60029
60030
60064
60218
60235
60848
60880
60894
60895
60936
61131
61248
61251
61254
61336
61564
61869
61879
61887
61888
61903
61912
61915
61920
61968
61973
61974
61975
62017
62038
62042
62124
62130
62131
62166
62188
62269
62273
62274
62277
62279
62283
62297
62301
62310
62325
62344
62374
62382
62396
62437
62438
62439
62451
62466
62470
62475
62478
62488
62507
62519
62526
62527
62548
62580
62584
62589
62597
62604
62605
62606
62618
62619
62660
62661
62662
62678
62680
62685
62686
62688
62717
62775
62776
62844
62859
62861
62862
62865
62869
62873
62907
62928
62930
62932
62947
62979
62997
63018
63024
63027
63050
63095
63138
63145
63167
63236
63274
63276
63293
63317
63321
63322
63342
63346
63355
63364
63414
63472
63473
63474
63477
63479
63481
63483
63486
63489
63490
63491
63493
63494
63498
63512
63513
63571
63601
63631
63666
63726
63783
63802
63811
63830
63849
63881
63894
63967
63976
63981
63982
63983
64002
64003
64021
64027
64059
64122
64125
64126
64139
64144
64163
64167
64189
64205
64206
64208
64213
64215
64216
64217
64218
64219
64234
64290
64292
64320
64382
64383
64386
64389
64390
64396
64402
64411
64412
64413
64422
64423
64424
64443
64444
64447
64455
64459
64465
64482
64486
64529
64566
64570
64582
64584
64587
64596
64598
64604
64616
64623
64626
64627
64628
64637
64650
64675
64678
64688
64701
64704
64713
64733
64771
64775
64821
65026
65034
65108
65121
65123
65133
65192
65256
65279
65311
65333
65521
65535
65536
65542
65543
65544
65545
65684
65686
65724
65748
65790
65793
65801
65802
65809
65816
65817
65820
65857
65858
65859
65860
65869
65871
65874
65875
65876
65877
65878
65879
65880
65916
65927
65929
65931
65932
65947
65950
65960
65961
65980
65981
65982
65983
66001
66007
66008
66009
66010
66011
66012
66013
66017
66020
66043
66045
66046
66054
66058
66063
66086
66115
66118
66134
66178
66197
66199
66207
66228
66236
66237
66258
66269
66290
66313
66317
66320
66330
66331
66332
66334
66496
66515
66528
66532
66537
66538
66607
66613
66619
66620
66636
66665
66683
66684
66689
66721
66725
66758
66759
66794
66818
66819
66820
66821
66823
66824
66867
66869
66877
66879
66881
66883
66889
66901
66902
66905
66935
66940
66947
66948
66963
66964
66965
67009
67029
67030
67031
67049
67050
67051
67070
67071
67072
67106
67107
67108
67182
67183
67184
67206
67207
67208
67213
67214
67215
67216
67217
67218
67244
67245
67246
67248
67249
67250
67256
67257
67258
67259
67260
67261
67281
67282
67283
67296
67297
67298
67303
67304
67305
67306
67307
67308
67328
67332
67355
67360
67472
67473
67475
67477
67478
67479
67528
67534
67574
67594
67612
67613
67614
67615
67616
67617
67618
67619
67620
67624
67625
67626
67627
67628
67629
67630
67638
67639
67640
67641
67642
67643
67644
67645
67646
67647
67648
67649
67650
67651
67652
67657
67658
67659
67669
67675
67676
67678
67679
67700
67729
67751
67781
67823
67826
67876
67882
67886
67898
67899
67900
67901
67902
67903
67905
67906
67907
67974
67975
67976
68123
68124
68125
68126
68127
68128
68139
68140
68141
68142
68143
68144
68145
68146
68147
68161
68230
68311
68316
68318
68335
68509
68510
68646
68647
68716
68717
68718
68753
68754
68755
68756
68757
68758
68759
68760
68761
68785
68786
68788
68789
68820
68821
68839
68867
68872
68899
68926
68927
68934
68939
68958
68959
68963
68970
68980
68981
68982
68983
68987
68989
69004
69012
69015
69024
69029
69037
69051
69057
69062
69065
69076
69090
69103
69108
69146
69155
69166
69167
69172
69195
69200
69238
69240
69242
69246
69278
69279
69286
69291
69293
69325
69381
69409
69483
69508
69558
69627
69628
69629
69638
69649
69651
69652
69674
69705
69708
69712
69760
69761
69762
69766
69774
69789
69839
70106
70117
70123
70126
70127
70128
70157
70194
70305
70322
70324
70335
70336
70337
70338
70341
70351
70352
70353
70358
70372
70381
70432
70434
70436
70447
70451
70475
70498
70539
70541
70542
70588
70633
70645
70659
70672
70674
70721
70751
70754
70823
70824
70825
70826
70838
70840
70842
70845
70850
70851
70867
70873
70877
70879
70900
70901
70911
70922
70923
70933
70935
70946
70952
70981
70982
71001
71022
71056
71057
71058
71077
71086
71088
71123
71127
71159
71165
71179
71181
71188
71189
71193
71195
71199
71204
71208
71212
71218
71219
71221
71224
71236
71237
71255
71266
71277
71279
71283
71289
71298
71305
71340
71420
71426
71446
71473
71474
71510
71525
71530
71531
71532
71533
71572
71586
71615
71617
71618
71621
71636
71644
71718
71726
71727
71728
71729
71730
71738
71741
71743
71748
71772
71785
71807
71818
71819
71820
71821
71822
71844
71875
71893
71912
71941
71942
71943
71951
71966
71967
71968
71987
72004
72007
72022
72023
72024
72025
72026
72030
72034
72037
72039
72040
72053
72080
72088
72089
72090
72091
72095
72096
72098
72101
72102
72103
72104
72108
72109
72110
72133
72143
72146
72147
72148
72172
72173
72219
72259
72262
72272
72273
72293
72295
72297
72299
72306
72340
72350
72356
72357
72358
72362
72363
72370
72371
72378
72385
72410
72416
72422
72426
72435
72436
72441
72442
72443
72444
72451
72452
72453
72455
72457
72463
72483
72490
72491
72492
72496
72497
72499
72500
72501
72502
72528
72529
72530
72551
72552
72553
72590
72615
72637
72638
72639
72640
72669
72670
72671
72672
72737
72754
72762
72769
72796
72797
72798
72832
72833
72836
72837
72838
72842
72843
72850
72851
72852
72855
72856
72865
72875
72876
72905
72906
72907
72908
72930
72999
73019
73020
73022
73023
73026
73027
73031
73032
73037
73038
73039
73058
73061
73062
73063
73064
73070
73120
73121
73122
73144
73145
73539
73650
73654
73655
73708
73709
73710
73779
73780
73781
73785
73786
73787
73791
73792
73793
73797
73798
73799
73800
73801
73802
73822
73828
73912
73913
73914
74118
74119
74270
74271
74272
74273
74274
74275
74280
74281
74295
74296
74297
74325
74326
74327
74361
74367
74384
74398
74403
74404
74452
74453
74454
74456
74505
74509
74525
74526
74527
74528
74531
74562
74648
74769
74792
74806
74807
74826
75063
75125
75473
75947
75948
75949
75950
75951
75952
75954
75955
75956
77130
77844
78125
78722
80000
80258
81781
85000
86400
86620
87519
90000
90625
91065
99999
100000
106891
112497
114099
118800
120178
121798
121818
121820
121821
121911
121912
121913
124104
130761
130762
130763
130859
130959
130960
131071
131072
131679
134170
134766
135808
135826
135846
135924
136006
136096
136116
136197
136570
137009
137056
137057
156238
158565
158566
158958
158959
158960
175000
181641
190722
190723
190724
190726
190727
192549
194201
195494
195495
195496
195665
195698
195699
195700
198379
220703
224609
240234
243401
243451
243468
243661
244141
249183
262144
300000
15116
72615
13503
5135
71264